[gd_scene format=3 uid="uid://ie58kyyqrj2q"]

[ext_resource type="PackedScene" uid="uid://ckc5o6ee3cxfo" path="res://Level/calle_fresno.tscn" id="1_gqyk6"]
[ext_resource type="PackedScene" uid="uid://drlksdf76cbi" path="res://Bichos/bicho_test.tscn" id="2_r23e8"]
[ext_resource type="Script" uid="uid://bd046eokvcnu2" path="res://addons/phantom_camera/scripts/phantom_camera_host/phantom_camera_host.gd" id="3_oycwn"]
[ext_resource type="Script" uid="uid://csjccrhj5wnx7" path="res://addons/phantom_camera/scripts/phantom_camera/phantom_camera_3d.gd" id="3_q3hbn"]
[ext_resource type="Script" uid="uid://8umksf8e80fw" path="res://addons/phantom_camera/scripts/resources/tween_resource.gd" id="4_oycwn"]
[ext_resource type="PackedScene" uid="uid://cbiqq30n104ig" path="res://Bichos/bicho_coraza.tscn" id="6_y023f"]
[ext_resource type="PackedScene" uid="uid://dh38l4ltkbe4s" path="res://Bichos/bicho_volador.tscn" id="7_76v5r"]

[sub_resource type="ProceduralSkyMaterial" id="ProceduralSkyMaterial_q3hbn"]
sky_top_color = Color(0.2609106, 0.40177265, 0.48864365, 1)
sky_horizon_color = Color(0.48920518, 0.5222728, 0.5474156, 1)
ground_bottom_color = Color(0.10499931, 0.09640781, 0.11010795, 1)
ground_horizon_color = Color(0.48920518, 0.5222728, 0.5474156, 1)

[sub_resource type="Sky" id="Sky_oycwn"]
sky_material = SubResource("ProceduralSkyMaterial_q3hbn")

[sub_resource type="Environment" id="Environment_y023f"]
background_mode = 2
sky = SubResource("Sky_oycwn")
tonemap_mode = 2
glow_enabled = true

[sub_resource type="Resource" id="Resource_y023f"]
script = ExtResource("4_oycwn")

[node name="Main" type="Node3D" unique_id=381470861]

[node name="WorldEnvironment" type="WorldEnvironment" parent="." unique_id=2097278584]
environment = SubResource("Environment_y023f")

[node name="DirectionalLight3D" type="DirectionalLight3D" parent="." unique_id=101961134]
transform = Transform3D(-0.8660254, -0.43301278, 0.25, 0, 0.49999997, 0.86602545, -0.50000006, 0.75, -0.43301266, 0, 0, 0)
light_color = Color(0.8659327, 0.85835665, 0.811493, 1)
shadow_enabled = true

[node name="CalleFresno" parent="." unique_id=1995856108 instance=ExtResource("1_gqyk6")]

[node name="BichoTest" parent="." unique_id=1702474466 instance=ExtResource("2_r23e8")]
transform = Transform3D(1, 0, 0, 0, 1, 0, 0, 0, 1, -45.306892, 1.4309549, -15.803219)

[node name="Camera3D" type="Camera3D" parent="." unique_id=1615831159]
physics_interpolation_mode = 1
transform = Transform3D(0.41503364, 0.34804988, -0.8406, 0, 0.92393315, 0.38255394, 0.90980613, -0.15877277, 0.38346332, -58.975403, 12.056932, -21.229168)
top_level = true

[node name="PhantomCameraHost" type="Node" parent="Camera3D" unique_id=81195016]
process_priority = 300
process_physics_priority = 300
script = ExtResource("3_oycwn")
metadata/_custom_type_script = "uid://bd046eokvcnu2"

[node name="PhantomCamera3D" type="Node3D" parent="." unique_id=1772517170 node_paths=PackedStringArray("look_at_target")]
transform = Transform3D(0.41503364, 0.34804988, -0.8406002, 0, 0.92393315, 0.38255402, 0.90980613, -0.15877277, 0.3834634, -58.975403, 12.056932, -21.229168)
script = ExtResource("3_q3hbn")
look_at_mode = 2
look_at_target = NodePath("../BichoVolador")
tween_resource = SubResource("Resource_y023f")
align_transform_with_view = Callable()
align_rotation_with_view = Callable()
metadata/_custom_type_script = "uid://csjccrhj5wnx7"

[node name="bichoCoraza" parent="." unique_id=2139795818 instance=ExtResource("6_y023f")]
transform = Transform3D(1, 0, 0, 0, 1, 0, 0, 0, 1, -49, 1.3592691, -17)

[node name="BichoVolador" parent="." unique_id=2120523336 instance=ExtResource("7_76v5r")]
transform = Transform3D(1, 0, 0, 0, 1, 0, 0, 0, 1, -33.125984, 0.29295826, -33.02111)
